0.0 0.0 0.0 10.0 1.0 10.0
0.0 0.0 10.0 10.0 1.0 10.0
0.0 0.0 20.0 10.0 1.0 10.0
0.0 0.0 30.0 10.0 1.0 10.0
5.0 0.0 40.0 5.0 1.0 5.0
10.0 0.0 40.0 5.0 1.0 5.0
15.0 0.0 40.0 5.0 1.0 5.0
20.0 0.0 40.0 5.0 1.0 5.0
25.0 0.0 40.0 5.0 1.0 5.0
25.0 0.0 35.0 5.0 1.0 5.0
25.0 0.0 30.0 5.0 1.0 5.0
25.0 0.0 25.0 5.0 1.0 5.0
25.0 0.0 20.0 5.0 1.0 5.0
20.0 2.0 15.0 5.0 1.0 5.0
15.0 4.0 10.0 5.0 1.0 5.0
10.0 6.0 5.0 5.0 1.0 5.0
5.0 8.0 0.0 5.0 1.0 5.0
0.0 10.0 5.0 10.0 1.0 10.0
0.0 10.0 15.0 10.0 1.0 10.0
0.0 10.0 25.0 10.0 1.0 10.0
5.0 12.0 30.0 5.0 1.0 5.0
10.0 14.0 35.0 5.0 1.0 5.0
15.0 16.0 40.0 5.0 1.0 5.0
20.0 18.0 45.0 5.0 1.0 5.0
25.0 20.0 50.0 5.0 1.0 5.0
30.0 22.0 55.0 5.0 1.0 5.0
35.0 24.0 60.0 5.0 1.0 5.0
40.0 26.0 65.0 10.0 1.0 10.0

