0.0 0.0 0.0 5.0 1.0 5.0
0.0 0.0 5.0 5.0 1.0 5.0
5.0 0.0 0.0 5.0 1.0 5.0
5.0 0.0 5.0 5.0 1.0 5.0
5.0 2.0 5.0 5.0 1.0 5.0
10 2 5 5 1 5
15 2 5 5 1 5
20 2 5 5 1 5
25 2 5 5 1 5
30 2 5 5 1 5
35 2 5 5 1 5
35 2 10 5 1 5
35 2 15 5 1 5
35 2 20 5 1 5
35 2 25 5 1 5
35 2 30 5 1 5
35 2 35 5 1 5
30 2 35 5 1 5
25 2 35 5 1 5
20 2 35 5 1 5
15 2 35 5 1 5
10 2 35 5 1 5
5 2 35 5 1 5
5 2 30 5 1 5
5 2 25 5 1 5
5 2 20 5 1 5
5 2 15 5 1 5
5 2 10 5 1 5
5 2 5 5 1 5
20 4 15 5 1 5
25 4 15 5 1 5
30 4 15 5 1 5
35 4 15 5 1 5
40 4 15 5 1 5
40 4 20 5 1 5
40 4 25 5 1 5
40 4 30 5 1 5
40 4 35 5 1 5
40 4 40 5 1 5
35 4 40 5 1 5
30 4 40 5 1 5
25 4 40 5 1 5
20 4 40 5 1 5
15 4 40 5 1 5
15 4 35 5 1 5
15 4 30 5 1 5
15 4 25 5 1 5
15 4 20 5 1 5
15 4 15 5 1 5
30 6 25 5 1 5
35 6 25 5 1 5
40 6 25 5 1 5
45 6 25 5 1 5
45 6 30 5 1 5
45 6 35 5 1 5
45 6 40 5 1 5
45 6 45 5 1 5
40 6 45 5 1 5
35 6 45 5 1 5
30 6 45 5 1 5
25 6 45 5 1 5
25 6 40 5 1 5
25 6 35 5 1 5
25 6 30 5 1 5
25 6 25 5 1 5
40 8 35 5 1 5
45 8 35 5 1 5
50 8 35 5 1 5
50 8 40 5 1 5
50 8 45 5 1 5
50 8 50 5 1 5
45 8 50 5 1 5
40 8 50 5 1 5
35 8 50 5 1 5
35 8 45 5 1 5
35 8 40 5 1 5
35 8 35 5 1 5
50 10 45 5 1 5
55 10 45 5 1 5
55 10 50 5 1 5
55 10 55 5 1 5
50 10 55 5 1 5
45 10 55 5 1 5
45 10 50 5 1 5
45 10 45 5 1 5
60 12 55 5 1 5
60 12 60 5 1 5
55 12 60 5 1 5
55 12 55 5 1 5